Run semi-empirical minimization
 &qmmm
    qm_theory='AM1', grms_tol=0.0005,
  scfconv=1.d-10,   qmcharge=0,
 /
   9     F       -0.9650       -1.1890        1.1380 
   6     C        0.0810       -1.7060       -1.6830 
   6    C1        1.0810       -1.2240       -0.8980 
   6    C2        0.3670       -2.6030       -2.6590 
   6    C3        2.3250       -1.7410       -1.0040 
   6    C4        1.6090       -3.0940       -2.7670 
   6    C5        2.5640       -2.6730       -1.9290 
   7     N        2.0770       -3.9550       -3.5720 
   6    C6        3.3000       -4.0850       -3.2680 
   7    N1        3.5840       -3.3230       -2.2990 
   7    N2       -1.1720       -1.4640       -1.6720 
   6    C7       -2.0780       -0.9890       -0.9120 
   6    C8       -3.2580       -0.7330       -1.5140 
   6    C9       -2.0050       -0.7900        0.4210 
   6   C10       -4.2970       -0.2070       -0.8470 
   6   C11       -3.0460       -0.2740        1.0960 
   6   C12       -4.1850        0.0450        0.4650 
   9    F1       -0.5670       -3.0600       -3.4850 
  35    Br       -5.6450        0.7710        1.4260 
   6   C13        4.9140       -3.2070       -1.6930 
   6   C14        0.9320       -0.1440       -0.0730 
   7    N3        1.7700       -0.1110        1.0180 
   8     O        0.0860        0.7090       -0.2210 
   8    O1        1.7420        0.8040        1.9680 
   6   C15        2.5340        1.9230        1.6680 
   6   C16        2.3650        2.9570        2.7660 
   8    O2        3.2000        4.0640        2.4960 
   1     H        3.1890       -1.3850       -0.4220 
   1    H1        4.0200       -4.7480       -3.7600 
   1    H2       -1.6090       -1.7850       -2.5760 
   1    H3       -3.3950       -0.9180       -2.5950 
   1    H4       -5.2330        0.0110       -1.3890 
   1    H5       -2.9590       -0.1400        2.1880 
   1    H6        5.6450       -3.9080       -2.1560 
   1    H7        5.3080       -2.1730       -1.8210 
   1    H8        4.8670       -3.4410       -0.6050 
   1    H9        2.4100       -0.8840        1.1210 
   1   H10        3.5990        1.6010        1.5970 
   1   H11        2.2180        2.3520        0.6890 
   1   H12        1.3170        3.3300        2.8170 
   1   H13        2.6590        2.5510        3.7600 
   1   H14        3.0470        4.7480        3.1520 

