Run semi-empirical minimization
 &qmmm
    qm_theory='AM1', grms_tol=0.0005,
  scfconv=1.d-10,   qmcharge=0,
 /
  53     I        1.9170       -6.6890        6.2870 
   9     F       -0.6110       -2.1450        5.0640 
   8     O       -0.8060        0.2990        3.1320 
   8    O1        0.5780        3.5550        0.4790 
   8    O2        1.1790       -2.8360       -1.7430 
   8    O3       -0.2650        4.7770       -6.0150 
   7     N        0.3370        1.4610       -0.3540 
   7    N1        0.2560        1.8550        1.9260 
   7    N2        0.4240       -2.5020        0.3420 
   7    N3        0.1550       -2.0910        2.5990 
   7    N4        0.7670        4.2520       -4.0560 
   6     C        0.4390        0.1270       -0.1020 
   6    C1        0.1260       -0.3420        1.1320 
   6    C2       -0.2150        0.5630        2.1060 
   6    C3        0.4410        2.3700        0.6630 
   6    C4        0.2330       -1.6720        1.3980 
   6    C5        0.8910       -0.7100       -1.0650 
   6    C6        0.4180        2.7230        3.0820 
   6    C7        0.8650       -2.0560       -0.8720 
   6    C8       -0.1350        1.9150       -1.5440 
   6    C9        1.3390        2.1530        4.1300 
   6   C10        1.8190        3.2590        3.2260 
   6   C11        0.4960        2.8560       -2.2730 
   6   C12       -1.2900        1.4170       -2.0230 
   6   C13        0.5520       -3.0910        3.2850 
   6   C14        1.4460       -0.2510       -2.4050 
   6   C15       -0.1010       -3.8790        0.3520 
   6   C16        0.0160        3.3090       -3.4470 
   6   C17        0.1710       -3.1020        4.5810 
   6   C18       -1.7850        1.8500       -3.1910 
   6   C19        1.3710       -4.0760        2.8740 
   6   C20       -1.1380        2.7890       -3.8970 
   6   C21        0.5370       -4.0980        5.4040 
   6   C22        1.7440       -5.0740        3.6900 
   6   C23        1.3170       -5.0940        4.9600 
   6   C24        0.6360        4.9320       -5.2310 
   6   C25        1.7530        5.9290       -5.4840 
   1     H       -0.2140       -1.4020        3.2940 
   1    H1        1.5760        4.4630       -3.4890 
   1    H2       -0.4950        3.2800        3.2800 
   1    H3        1.1180        2.4050        5.1660 
   1    H4        1.7750        1.1660        3.9810 
   1    H5        2.5680        3.0000        2.4800 
   1    H6        1.9220        4.2550        3.6550 
   1    H7        1.4560        3.2600       -1.9070 
   1    H8       -1.8490        0.6510       -1.4590 
   1    H9        0.6700       -0.2940       -3.2020 
   1   H10        1.9000        0.7600       -2.3640 
   1   H11        2.3110       -0.8690       -2.7350 
   1   H12       -0.8660       -3.9840       -0.4530 
   1   H13        0.6840       -4.6410        0.1480 
   1   H14       -0.6620       -4.1410        1.2740 
   1   H15       -2.7340        1.4330       -3.5690 
   1   H16        1.8170       -4.0680        1.8700 
   1   H17       -1.5970        3.1040       -4.8450 
   1   H18        0.1900       -4.0890        6.4500 
   1   H19        2.4230       -5.8590        3.3160 
   1   H20        1.7800        6.6890       -4.6690 
   1   H21        2.7340        5.4040       -5.5210 
   1   H22        1.6090        6.4630       -6.4500 

