Run semi-empirical minimization
 &qmmm
    qm_theory='AM1', grms_tol=0.0005,
  scfconv=1.d-10,   qmcharge=0,
 /
   6     C       -1.7090       -2.7420       -2.3370 
   6    C1       -1.1190       -1.9340       -1.4390 
   6    C2       -1.9470       -1.4370       -0.5040 
   6    C3       -3.2730       -1.6710       -0.5240 
   6    C4       -3.7100       -2.5350       -1.4650 
   7     N       -2.9390       -3.0360       -2.3370 
   7    N1       -4.9430       -2.8330       -1.4600 
   8     O       -4.0900       -1.1790        0.4640 
   6    C5       -4.4870        0.1710        0.3150 
   6    C6       -3.3030        1.1420        0.4640 
   6    C7        0.1950       -1.6420       -1.4630 
   6    C8       -2.8650        1.4550        1.7080 
   6    C9       -1.8260        2.2830        1.9100 
   6   C10       -1.1820        2.8220        0.8690 
   6   C11       -1.5770        2.5230       -0.3740 
   6   C12       -2.6240        1.6950       -0.5710 
  17    Cl       -2.9920        1.3590       -2.2310 
  17   Cl1       -3.5790        0.8100        3.1530 
   9     F       -0.9130        3.0640       -1.3870 
   6   C13        1.1480       -2.0730       -2.3080 
   7    N2        2.2790       -1.5780       -2.0280 
   7    N3        2.0900       -0.8480       -1.0500 
   6   C14        0.8850       -0.8280       -0.6470 
   6   C15        3.0950       -0.0280       -0.3340 
   6   C16        3.5750       -0.7380        0.9420 
   6   C17        4.6280        0.1080        1.6720 
   7    N4        5.7510        0.4380        0.7950 
   6   C18        5.3390        1.1320       -0.4240 
   6   C19        4.3110        0.3080       -1.2120 
   6   C20       -5.4890        0.3340       -0.8340 
   1     H       -1.1390       -3.2230       -3.1480 
   1    H1       -1.5570       -0.8110        0.3130 
   1    H2       -5.5820       -2.4210       -0.7380 
   1    H3       -5.3280       -3.4980       -2.1750 
   1    H4       -5.1600        0.3680        1.1880 
   1    H5       -1.4760        2.5290        2.9270 
   1    H6       -0.3270        3.4980        1.0340 
   1    H7        1.0360       -2.7640       -3.1530 
   1    H8        0.5570       -0.2280        0.2080 
   1    H9        2.6130        0.9410       -0.0510 
   1   H10        2.7150       -0.9350        1.6240 
   1   H11        4.0160       -1.7260        0.6700 
   1   H12        5.0140       -0.4460        2.5610 
   1   H13        4.1660        1.0500        2.0500 
   1   H14        6.4270        1.0460        1.3210 
   1   H15        6.2390        1.3240       -1.0530 
   1   H16        4.9100        2.1270       -0.1570 
   1   H17        4.7980       -0.6340       -1.5600 
   1   H18        3.9850        0.8720       -2.1180 
   1   H19       -5.7810        1.4010       -0.9650 
   1   H20       -6.4270       -0.2330       -0.6270 
   1   H21       -5.1340       -0.0640       -1.8070 

