Run semi-empirical minimization
 &qmmm
    qm_theory='AM1', grms_tol=0.0005,
  scfconv=1.d-10,   qmcharge=0,
 /
   6     C       -4.0460       -0.0560        1.2540 
   7     N       -3.2680       -0.9350        1.9450 
   7    N1       -1.9590       -1.1320        1.6780 
   6    C1       -1.3880       -0.4170        0.8080 
   6    C2       -2.0680        0.5130        0.1140 
   6    C3       -1.4320        1.2620       -0.8080 
   6    C4       -2.1260        2.1300       -1.5640 
   6    C5       -3.4460        2.2860       -1.3860 
   6    C6       -4.0710        1.5680       -0.4410 
   6    C7       -3.3930        0.6810        0.3120 
   6    C8        0.0560       -0.7500        0.5220 
   6    C9        0.7590        0.4070       -0.1950 
   7    N2       -0.1790        1.2020       -1.0050 
   8     O       -5.2220        0.0040        1.5220 
   7    N3        1.0070       -0.7120        2.8990 
   7    N4        1.7740       -1.4020        3.5760 
   6   C10        2.0880       -2.3390        2.7870 
   7    N5        1.5410       -2.2470        1.6490 
   6   C11        0.8400       -1.1950        1.7330 
   6   C12        0.3320        0.5180        3.3430 
   6   C13        1.9110       -0.0730       -1.0520 
   6   C14        3.1720       -0.0530       -0.5840 
   6   C15        4.1950       -0.4870       -1.3370 
   6   C16        3.9740       -0.9520       -2.5760 
   6   C17        2.7190       -0.9810       -3.0490 
   6   C18        1.6990       -0.5480       -2.2920 
   9     F        4.9800       -1.3810       -3.3190 
   9    F1       -4.1200        3.1520       -2.1270 
   1     H       -3.7440       -1.4700        2.6550 
   1    H1       -1.6220        2.7440       -2.3290 
   1    H2       -5.1540        1.7280       -0.3160 
   1    H3       -0.0150       -1.6040       -0.1990 
   1    H4        1.1370        1.1460        0.5510 
   1    H5        0.2180        1.8210       -1.7540 
   1    H6        2.7740       -3.1520        3.0600 
   1    H7        1.0630        1.1820        3.8580 
   1    H8       -0.1140        1.1070        2.5130 
   1    H9       -0.4770        0.2630        4.0640 
   1   H10        3.3760        0.3180        0.4340 
   1   H11        5.2220       -0.4630       -0.9350 
   1   H12        2.5250       -1.3680       -4.0640 
   1   H13        0.6750       -0.5910       -2.7000 

