Run semi-empirical minimization
 &qmmm
    qm_theory='AM1', grms_tol=0.0005,
  scfconv=1.d-10,   qmcharge=0,
 /
   6     C        1.6050        3.0180        0.5210 
   6    C1        1.3670        1.6980        0.5180 
   6    C2        0.1130        1.2260        0.5120 
   6    C3       -0.9870        2.0120        0.5130 
   6    C4       -0.7680        3.3500        0.5210 
   6    C5        0.5080        3.7950        0.5160 
   8     O       -1.7230        4.3340        0.4810 
   6    C6       -2.8910        4.0950       -0.2430 
   6    C7       -3.8180        3.2130        0.5690 
   7     N       -3.3860        1.8150        0.5590 
   6    C8       -2.1900        1.3920        0.5300 
   7    N1       -2.3100        0.1240        0.5270 
   6    C9       -3.5260       -0.2430        0.5550 
   6   C10       -4.2460        0.8870        0.5760 
   6   C11       -3.8850       -1.5400        0.5570 
   7    N2       -5.0020       -2.1570        0.5880 
   7    N3       -4.8580       -3.3830        0.5630 
   6   C12       -3.6070       -3.5440        0.5220 
   7    N4       -2.9920       -2.4420        0.5180 
   6   C13       -2.9300       -4.8760        0.4810 
   6   C14       -6.3190       -1.4850        0.6460 
   6   C15       -6.7490       -1.0260       -0.7570 
   6   C16       -7.4030       -2.4050        1.2410 
   6   C17        2.8550        3.5200        0.5240 
   6   C18        3.2600        4.8030        0.5270 
   7    N5        4.5210        4.8960        0.5260 
   7    N6        4.9430        3.7360        0.5200 
   6   C19        4.0240        2.8600        0.5210 
   6   C20        6.3640        3.2990        0.4900 
   6   C21        6.5860        2.4240       -0.7480 
   8    O1        7.3570        1.5030       -0.8210 
   7    N7        5.8280        2.7730       -1.8220 
   6   C22        7.3110        4.5080        0.3330 
   6   C23        6.7450        2.5440        1.7780 
   1     H        2.1890        0.9630        0.5200 
   1    H1        0.0480        0.1240        0.5120 
   1    H2        0.6310        4.8900        0.5040 
   1    H3       -3.3730        5.0910       -0.3980 
   1    H4       -2.6510        3.6780       -1.2470 
   1    H5       -3.8960        3.5730        1.6220 
   1    H6       -4.8390        3.3060        0.1230 
   1    H7       -5.3200        1.0810        0.6000 
   1    H8       -3.6680       -5.7090        0.4810 
   1    H9       -2.3090       -4.9650       -0.4400 
   1   H10       -2.2680       -5.0000        1.3680 
   1   H11       -6.2500       -0.6280        1.3550 
   1   H12       -7.7110       -0.4680       -0.7200 
   1   H13       -5.9940       -0.3620       -1.2320 
   1   H14       -6.8850       -1.9000       -1.4340 
   1   H15       -8.3760       -1.8690        1.3380 
   1   H16       -7.1160       -2.7590        2.2580 
   1   H17       -7.5810       -3.3000        0.6030 
   1   H18        2.6410        5.7090        0.5280 
   1   H19        4.2290        1.7840        0.5110 
   1   H20        5.9410        2.2440       -2.6740 
   1   H21        5.1460        3.5160       -1.7420 
   1   H22        8.3760        4.1880        0.2700 
   1   H23        7.2240        5.2020        1.2000 
   1   H24        7.0850        5.0910       -0.5890 
   1   H25        6.5400        3.1730        2.6740 
   1   H26        6.1710        1.5980        1.8960 
   1   H27        7.8270        2.2780        1.8000 

