Run semi-empirical minimization
 &qmmm
    qm_theory='AM1', grms_tol=0.0005,
  scfconv=1.d-10,   qmcharge=0,
 /
   6     C       -4.5920        7.6890       -2.3630 
   8     O       -5.0460        6.9180       -3.4540 
   6    C1       -5.7330        5.7510       -3.0880 
   6    C2       -4.8120        4.6940       -2.4690 
   6    C3       -5.5520        3.3690       -2.1990 
   6    C4       -4.6310        2.2710       -1.6220 
   6    C5       -3.9300        2.5860       -0.2820 
   6    C6       -1.3200        3.7130        3.1090 
   6    C7       -2.9740        1.4430        0.1460 
   6    C8       -3.7220        0.2420        0.7470 
   6    C9       -2.9420       -1.0570        0.9190 
   8    O1       -1.7590       -1.1160        0.6710 
   6   C10       -3.7380       -2.2850        1.3720 
   6   C11       -4.9120       -1.9970        2.3240 
   6   C12       -2.9160       -3.4160        1.9520 
   6   C13       -2.0400       -3.3540        2.9700 
   6   C14       -1.6640       -2.0880        3.7010 
   6   C15       -1.3970       -4.6200        3.5030 
   8    O2       -2.4210       -5.4860        3.9720 
   6   C16       -0.5070       -5.3770        2.5130 
   8    O3        0.4270       -4.4970        1.9270 
   6   C17        0.2010       -4.2230        0.5630 
   6   C18        0.1760       -6.5400        3.2620 
   8    O4       -0.5330       -7.3830        3.7670 
   6   C19        1.7000       -6.6320        3.4030 
   6   C20        2.2600       -5.3560        4.0550 
   6   C21        2.3190       -7.1440        2.0830 
   6   C22        3.8230       -6.9250        1.8140 
   6   C23        4.7310       -7.5550        2.8790 
   6   C24        4.0560       -5.4660        1.4950 
   6   C25        4.7730       -4.5850        2.2120 
   6   C26        4.7610       -3.2780        1.8960 
   6   C27        5.3400       -2.3200        2.6410 
   6   C28        5.1650       -1.0210        2.3400 
   6   C29        5.5820        0.0600        3.0270 
   6   C30        6.3850        0.0240        4.3060 
   6   C31        5.1330        1.4410        2.5640 
   6   C32        6.2950        2.4310        2.3810 
   6   C33        5.9630        3.5510        1.3810 
   6   C34        6.9720        4.6940        1.4130 
   6   C35        6.5430        5.7710        0.4090 
   6   C36        5.0930        6.2070        0.6910 
   6   C37        4.6430        7.2250       -0.3730 
   6   C38        4.1630        4.9960        0.7840 
   8    O5        4.0660        4.3710       -0.4890 
   8    O6        4.6860        4.0320        1.6690 
   6   C39        2.7310        5.3170        1.2960 
   8    O7        2.5260        6.3950        1.8150 
   6   C40        1.7870        4.3430        1.1750 
   8    O8        2.1180        3.2580        0.7430 
   7     N        0.4880        4.4940        1.6040 
   6   C41       -0.2250        5.7620        1.7180 
   6   C42       -0.4430        6.0780        3.2060 
   6   C43       -0.6780        4.7820        4.0060 
   6   C44       -0.3600        3.3450        1.9520 
   6   C45       -1.1010        2.8000        0.7260 
   8    O9       -0.8810        3.1630       -0.4090 
   8   O10       -2.0620        1.9080        1.1030 
   8   O11        4.1970        1.9940        3.4710 
   6   C46        2.9860        1.2700        3.5330 
   6   C47       -6.2210        2.8640       -3.4930 
   6   C48       -7.1510        3.9260       -4.0940 
   6   C49       -6.3710        5.2090       -4.3590 
   8   O12       -7.2350        6.1950       -4.8730 
   6   C50       -4.9300        2.9640        0.8260 
   1     H       -6.5460        6.0150       -2.3700 
   1    H1       -6.3720        3.5680       -1.4660 
   1    H2       -3.3080        3.4950       -0.4640 
   1    H3       -2.4010        1.0870       -0.7440 
   1    H4       -4.1720       -2.6600        0.4100 
   1    H5       -3.1270       -4.4120        1.5250 
   1    H6       -0.7820       -4.3670        4.3980 
   1    H7       -1.1300       -5.8520        1.7200 
   1    H8        1.8940       -7.4340        4.1640 
   1    H9        4.0710       -7.4610        0.8590 
   1   H10        3.5010       -5.1060        0.6100 
   1   H11        5.3140       -4.9260        3.1090 
   1   H12        4.1820       -2.9700        1.0080 
   1   H13        5.9040       -2.6200        3.5370 
   1   H14        4.5610       -0.8060        1.4410 
   1   H15        4.6360        1.3600        1.5690 
   1   H16        5.9520        3.0900        0.3640 
   1   H17        5.1030        6.7190        1.6860 
   1   H18        0.2900        2.5170        2.3280 
   1   H19       -5.5900        5.0280       -5.1340 
   1   H20       -3.7650        7.1730       -1.8310 
   1   H21       -4.1930        8.6470       -2.7670 
   1   H22       -5.4300        7.9210       -1.6700 
   1   H23       -3.9470        4.5050       -3.1470 
   1   H24       -4.4090        5.0820       -1.5070 
   1   H25       -5.2400        1.3460       -1.4990 
   1   H26       -3.8520        2.0390       -2.3870 
   1   H27       -1.5770        2.8060        3.7060 
   1   H28       -2.2810        4.1210        2.7160 
   1   H29       -4.1050        0.5310        1.7540 
   1   H30       -4.5920       -0.0130        0.1000 
   1   H31       -5.6680       -1.3170        1.8730 
   1   H32       -5.4540       -2.9370        2.5800 
   1   H33       -4.5660       -1.5420        3.2790 
   1   H34       -1.9050       -2.1870        4.7840 
   1   H35       -0.5710       -1.9030        3.5960 
   1   H36       -2.1910       -1.1810        3.3420 
   1   H37       -2.0470       -6.3150        4.2800 
   1   H38        0.9720       -3.4920        0.2310 
   1   H39        0.3090       -5.1520       -0.0380 
   1   H40       -0.8030       -3.7750        0.4110 
   1   H41        3.2780       -5.5040        4.4730 
   1   H42        2.3140       -4.4860        3.3700 
   1   H43        1.6260       -5.0480        4.9190 
   1   H44        2.1120       -8.2400        2.0180 
   1   H45        1.7540       -6.7090        1.2250 
   1   H46        4.5890       -7.1170        3.8890 
   1   H47        4.5270       -8.6470        2.9720 
   1   H48        5.8060       -7.4420        2.6080 
   1   H49        5.8080        0.4950        5.1340 
   1   H50        6.6660       -0.9930        4.6470 
   1   H51        7.3370        0.5860        4.1830 
   1   H52        6.5730        2.8650        3.3700 
   1   H53        7.1930        1.8890        1.9960 
   1   H54        7.0160        5.1330        2.4380 
   1   H55        7.9920        4.3180        1.1640 
   1   H56        7.2330        6.6460        0.4720 
   1   H57        6.6250        5.3650       -0.6260 
   1   H58        3.6080        7.5910       -0.1960 
   1   H59        5.3090        8.1170       -0.3770 
   1   H60        4.6690        6.7850       -1.3950 
   1   H61        3.6860        3.4960       -0.3860 
   1   H62        0.2380        6.5960        1.1500 
   1   H63       -1.2160        5.6500        1.2160 
   1   H64        0.4350        6.6190        3.6300 
   1   H65       -1.3200        6.7610        3.3050 
   1   H66       -1.3130        4.9890        4.8990 
   1   H67        0.2950        4.3850        4.3830 
   1   H68        2.2840        1.8340        4.1860 
   1   H69        2.5310        1.1780        2.5220 
   1   H70        3.1520        0.2660        3.9810 
   1   H71       -5.4370        2.5970       -4.2400 
   1   H72       -6.8080        1.9370       -3.2870 
   1   H73       -7.5990        3.5490       -5.0440 
   1   H74       -7.9920        4.1330       -3.3900 
   1   H75       -6.7290        7.0080       -4.9650 
   1   H76       -5.7230        2.1920        0.9440 
   1   H77       -4.4230        3.0920        1.8080 
   1   H78       -5.4380        3.9310        0.6110 

