Run semi-empirical minimization
 &qmmm
    qm_theory='AM1', grms_tol=0.0005,
  scfconv=1.d-10,   qmcharge=0,
 /
   6     C       -1.4590        1.4010        1.9450 
   7     N       -0.6400        1.2590        0.7000 
   6    C1       -1.5240        1.3200       -0.2100 
   7    N1       -2.5980        0.7060        0.0900 
   6    C2       -2.8210        1.1490        1.2610 
   6    C3       -3.2610       -0.1270       -0.6250 
   6    C4       -2.8380       -0.4860       -1.8540 
   6    C5       -4.3860       -0.7400       -0.2000 
   6    C6       -5.0980       -1.6180       -0.9360 
   6    C7       -4.6480       -1.9240       -2.1690 
   6    C8       -3.5170       -1.3580       -2.6150 
   8     O       -3.8940        1.3760        1.7760 
   6    C9       -5.2580       -2.7720       -2.9720 
   7    N2       -5.7840       -3.5160       -3.6880 
   6   C10       -6.3530       -2.2640       -0.3730 
   9     F       -6.2430       -3.5820       -0.4380 
   9    F1       -6.6260       -1.9460        0.8820 
   9    F2       -7.3960       -1.9230       -1.1150 
  16     S       -1.4780        2.4380       -1.3330 
   6   C11       -1.3740        0.2750        2.9950 
   6   C12       -1.4490        2.8040        2.5680 
   6   C13        0.6250        1.0860        0.6940 
   6   C14        1.2650        0.8270       -0.4630 
   6   C15        2.5920        0.6300       -0.5570 
   6   C16        3.3790        0.6850        0.5390 
   6   C17        2.7520        0.9490        1.7020 
   6   C18        1.4250        1.1400        1.7730 
   6   C19        4.7330        0.4920        0.4720 
   7    N3        5.4160        0.5710        1.6570 
   6   C20        6.8650        0.3860        1.7400 
   8    O1        5.3460        0.2590       -0.5440 
   9    F3        3.0660        0.3730       -1.7680 
   1     H       -1.9070       -0.0920       -2.2920 
   1    H1       -4.7710       -0.5460        0.8100 
   1    H2       -3.1240       -1.6110       -3.6150 
   1    H3       -2.2450        0.3040        3.6880 
   1    H4       -1.3650       -0.7270        2.5090 
   1    H5       -0.4830        0.3340        3.6540 
   1    H6       -0.4490        3.0660        2.9760 
   1    H7       -1.7120        3.5820        1.8150 
   1    H8       -2.1760        2.8830        3.4070 
   1    H9        0.7040        0.7410       -1.4090 
   1   H10        3.2890        1.0320        2.6600 
   1   H11        1.0290        1.3770        2.7690 
   1   H12        4.9100        0.7640        2.5170 
   1   H13        7.3960        1.1570        1.1370 
   1   H14        7.1830        0.4950        2.8010 
   1   H15        7.1530       -0.6320        1.3930 

