Run semi-empirical minimization
 &qmmm
    qm_theory='AM1', grms_tol=0.0005,
  scfconv=1.d-10,   qmcharge=0,
 /
   9     F        0.3400        3.7110       -6.8400 
   9    F1        1.9180        4.1410       -5.4680 
   9    F2       -0.0280        4.9770       -5.1500 
   8     O        0.0350        0.0670        0.1680 
   8    O1       -1.9470        1.0380       -0.2280 
   8    O2        1.9330        0.5310        2.6760 
   8    O3       -3.3600        2.8750       -3.0120 
   8    O4       -2.6260       -2.3670        0.0990 
   8    O5       -2.5500        0.4040        4.7600 
   8    O6        0.1130       -1.1050        5.1370 
   8    O7        3.1510       -0.2440        5.3390 
   8    O8       -5.0700       -2.7680        0.5590 
   8    O9       -5.0030       -0.1660        5.0130 
   8   O10        0.7130        1.5610       -4.9130 
   8   O11       -7.4160       -3.5130        0.8910 
   8   O12        5.0690        0.7270        6.0190 
   7     N       -0.6880        2.9110       -3.7580 
   6     C       -0.3310       -1.0970        0.8780 
   6    C1        0.8480       -0.3090        3.0030 
   6    C2        0.7460       -1.4000        1.9300 
   6    C3       -0.4060        0.5590        3.0610 
   6    C4       -1.6510       -0.9910        1.6420 
   6    C5       -1.6490       -0.2560        2.7600 
   6    C6       -0.8600        0.4080       -0.8700 
   6    C7       -1.2030        1.8800       -2.8540 
   6    C8       -0.1810        1.3850       -1.8190 
   6    C9       -2.3900        2.4590       -2.0830 
   6   C10       -2.9540        1.4250       -1.1200 
   6   C11        1.0510       -0.9400        4.3860 
   6   C12       -2.7640       -1.6440        1.2520 
   6   C13       -2.7200       -0.2410        3.5690 
   6   C14       -3.8880       -1.5660        2.0180 
   6   C15       -3.8560       -0.8740        3.1830 
   6   C16       -4.1220        1.9700       -0.2960 
   6   C17        2.4700       -1.3490        4.7800 
   6   C18       -5.0460       -2.1910        1.6270 
   6   C19       -4.9700       -0.8050        3.9760 
   6   C20       -6.1610       -2.1510        2.4220 
   6   C21       -6.1010       -1.4600        3.5800 
   6   C22        0.2370        2.6570       -4.7260 
   6   C23       -7.3160       -2.7890        2.0610 
   6   C24       -7.1890       -1.4030        4.3760 
   6   C25        0.6190        3.8960       -5.5580 
   6   C26       -8.3710       -2.7010        2.8960 
   6   C27       -8.3250       -2.0190        4.0420 
   6   C28        4.5000       -0.2420        5.5630 
   6   C29        5.2320       -1.5350        5.2170 
   6   C30        6.7080       -1.5490        5.6560 
   6   C31       -8.6020       -4.2000        0.5650 
   6   C32        7.3990       -2.8770        5.3030 
   6   C33        8.8710       -2.8860        5.7390 
   1     H        1.7810        0.9400        1.8210 
   1    H1       -4.0510        3.3780       -2.5750 
   1    H2       -3.2710       -3.0630       -0.0660 
   1    H3       -1.6140        0.3150        5.0130 
   1    H4       -1.0690        3.8530       -3.6640 
   1    H5       -0.3020       -1.9500        0.1610 
   1    H6        1.7340       -1.5580        1.4370 
   1    H7        0.4890       -2.3740        2.4110 
   1    H8       -0.4320        1.1480        4.0020 
   1    H9       -0.3660        1.3660        2.2940 
   1   H10       -1.1920       -0.5050       -1.4110 
   1   H11       -1.5640        1.0170       -3.4660 
   1   H12        0.2270        2.2520       -1.2490 
   1   H13        0.6790        0.8820       -2.3190 
   1   H14       -2.0760        3.3700       -1.5230 
   1   H15       -3.3090        0.5250       -1.6760 
   1   H16       -3.8180        2.8660        0.2900 
   1   H17       -4.4920        1.2040        0.4240 
   1   H18       -4.9790        2.2570       -0.9460 
   1   H19        2.9850       -1.7160        3.8660 
   1   H20        2.4140       -2.1650        5.5360 
   1   H21       -7.2270       -0.8620        5.3360 
   1   H22       -9.3330       -3.1890        2.6780 
   1   H23       -9.2090       -1.9680        4.7010 
   1   H24        4.7230       -2.3930        5.7160 
   1   H25        5.2030       -1.6760        4.1110 
   1   H26        7.2550       -0.7130        5.1590 
   1   H27        6.7700       -1.3870        6.7590 
   1   H28       -8.4330       -4.7170       -0.4060 
   1   H29       -8.8280       -4.9770        1.3280 
   1   H30       -9.4440       -3.4850        0.4240 
   1   H31        6.8650       -3.7210        5.8000 
   1   H32        7.3420       -3.0480        4.2020 
   1   H33        9.3590       -3.8540        5.4770 
   1   H34        9.4440       -2.0720        5.2390 
   1   H35        8.9650       -2.7470        6.8400 

