Run semi-empirical minimization
 &qmmm
    qm_theory='AM1', grms_tol=0.0005,
  scfconv=1.d-10,   qmcharge=0,
 /
   6     C       -1.9200       -0.3150        0.9150 
   6    C1       -0.6340       -1.0200        0.6350 
   6    C2       -1.7010        0.9860        1.0920 
   6    C3        0.3050        0.2030        0.5660 
   8     O       -0.5240        1.3110        0.9520 
   6    C4       -0.1330       -1.9250        1.7500 
   6    C5        1.3360       -1.5400        1.9610 
   6    C6        1.3390       -0.0240        1.6940 
   6    C7        1.8680       -1.9580        3.3250 
   8    O1        1.2890       -2.7600        4.0160 
   6    C8        0.9630        0.4380       -0.7860 
   6    C9        1.6550       -0.5240       -1.4200 
   6   C10        0.9120        1.6370       -1.3930 
   6   C11        2.2500       -0.2970       -2.6000 
   6   C12        1.5100        1.8570       -2.5750 
   6   C13        2.1990        0.8960       -3.2210 
   8    O2        2.8410        1.0440       -4.4270 
   6   C14        2.7990        2.2990       -5.0660 
   8    O3       -0.8430       -1.6650        2.9400 
   6   C15        4.9830        2.0260        1.0380 
   6   C16        4.8910        0.7240        0.7310 
   6   C17        3.9160        2.6590        1.5450 
   6   C18        3.7400        0.0640        0.9320 
   6   C19        2.7710        1.9890        1.7450 
   6   C20        2.6600        0.6800        1.4490 
   7     N        3.0510       -1.3640        3.6900 
   8    O4        3.5990       -1.4520        4.8860 
   6   C21        4.4490       -2.5680        5.0130 
   8    O5       -0.7790       -1.7280       -0.5690 
   6   C22       -3.1380       -0.8720        0.9780 
   6   C23       -4.1280       -0.0140        1.2990 
   6   C24       -2.7160        1.8060        1.3910 
   6   C25       -3.9660        1.3120        1.5090 
   8    O6       -3.2590       -2.2230        0.7690 
   6   C26       -4.4590       -2.8560        1.1440 
   8    O7       -5.0770        2.0590        1.8210 
   6   C27       -4.9230        3.4400        2.0590 
   1     H       -0.2730       -3.0070        1.5270 
   1    H1        1.9310       -2.0950        1.1990 
   1    H2        0.9160        0.4090        2.6370 
   1    H3        1.7530       -1.5260       -0.9740 
   1    H4        0.3770        2.4770       -0.9230 
   1    H5        2.8080       -1.1210       -3.0790 
   1    H6        1.4190        2.8700       -2.9990 
   1    H7        3.3730        2.2160       -6.0160 
   1    H8        1.7490        2.5710       -5.3170 
   1    H9        3.2870        3.0730       -4.4320 
   1   H10       -0.5330       -2.2590        3.6290 
   1   H11        5.9260        2.5710        0.8710 
   1   H12        5.7630        0.1970        0.3090 
   1   H13        3.9800        3.7310        1.7960 
   1   H14        3.7090       -1.0020        0.6620 
   1   H15        1.9060        2.5330        2.1590 
   1   H16        3.4790       -0.7430        3.0190 
   1   H17        4.9300       -2.5310        6.0160 
   1   H18        3.8600       -3.5090        4.9270 
   1   H19        5.2370       -2.5340        4.2280 
   1   H20       -1.6550       -2.1270       -0.5460 
   1   H21       -5.1570       -0.3960        1.3980 
   1   H22       -2.4880        2.8730        1.5340 
   1   H23       -4.3300       -3.9500        0.9840 
   1   H24       -4.6650       -2.6790        2.2230 
   1   H25       -5.2980       -2.5090        0.5000 
   1   H26       -5.9260        3.8570        2.3010 
   1   H27       -4.2560        3.6100        2.9330 
   1   H28       -4.5480        3.9500        1.1440 

