Run semi-empirical minimization
 &qmmm
    qm_theory='AM1', grms_tol=0.0005,
  scfconv=1.d-10,   qmcharge=0,
 /
   6     C       -5.1600        2.7960       -0.0570 
   8     O       -3.9700        2.2130        0.4290 
   6    C1       -3.1790        1.6790       -0.6040 
   6    C2       -1.9050        1.1150        0.0030 
   8    O1       -1.0860        0.6170       -1.0240 
   6    C3        0.1570        0.2230       -0.5890 
   6    C4        0.4270       -1.0800       -0.3560 
   6    C5        1.7010       -1.3890       -0.0460 
   6    C6        2.6760       -0.4680        0.0400 
   6    C7        2.4180        0.8420       -0.1540 
   6    C8        1.1640        1.1140       -0.5500 
   6    C9        3.4280        1.7380       -0.0320 
   7     N        4.5940        1.2660        0.1600 
   6   C10        4.7500        0.0240        0.3260 
   7    N1        3.8500       -0.8600        0.3030 
   7    N2        3.4250        3.0150       -0.0680 
   6   C11        2.6490        4.0240       -0.0020 
   6   C12        3.2160        5.2170       -0.2730 
   6   C13        2.5110        6.3590       -0.2440 
   6   C14        1.2130        6.3430        0.0900 
   6   C15        0.6370        5.1770        0.4200 
   6   C16        1.3610        4.0450        0.3920 
   6   C17       -0.6240        5.1430        0.7980 
   6   C18       -1.7880        5.0980        1.1360 
   8    O2       -0.6020       -1.9870       -0.4650 
   6   C19       -0.3550       -3.3470       -0.2230 
   6   C20       -1.6610       -4.1110       -0.3970 
   8    O3       -1.4220       -5.4760       -0.1560 
   6   C21       -2.5910       -6.2550       -0.3000 
   1     H       -5.7780        2.0330       -0.5800 
   1    H1       -5.7320        3.1860        0.8150 
   1    H2       -4.9240        3.6440       -0.7370 
   1    H3       -3.7430        0.8730       -1.1270 
   1    H4       -2.9250        2.4870       -1.3290 
   1    H5       -1.3630        1.9220        0.5500 
   1    H6       -2.1390        0.2900        0.7150 
   1    H7        1.9820       -2.4400        0.1350 
   1    H8        0.9120        2.1110       -0.9340 
   1    H9        5.7780       -0.3230        0.5260 
   1   H10        4.4190        3.3580       -0.1550 
   1   H11        4.2820        5.2900       -0.5540 
   1   H12        2.9990        7.3160       -0.4930 
   1   H13        0.6410        7.2860        0.1160 
   1   H14        0.8700        3.1400        0.7770 
   1   H15       -2.8340        5.0520        1.4360 
   1   H16        0.3950       -3.7250       -0.9570 
   1   H17        0.0130       -3.4780        0.8210 
   1   H18       -2.4210       -3.7350        0.3260 
   1   H19       -2.0430       -3.9790       -1.4360 
   1   H20       -2.9810       -6.1780       -1.3390 
   1   H21       -2.3240       -7.3160       -0.0960 
   1   H22       -3.3620       -5.9330        0.4340 

