Run semi-empirical minimization
 &qmmm
    qm_theory='AM1', grms_tol=0.0005,
  scfconv=1.d-10,   qmcharge=0,
 /
   6     C        5.4550        0.9290        0.4020 
   6    C1        5.5290        0.3330        1.6040 
   6    C2        5.8240        0.1700       -0.6470 
   6    C3        5.9440       -0.9390        1.6720 
   6    C4        6.2320       -1.1060       -0.4940 
   7     N        6.2780       -1.6240        0.6640 
   8     O        5.0400        2.2260        0.2550 
   6    C5        1.5190        2.1940       -0.5460 
   6    C6        0.9600        2.7030        0.5650 
   6    C7        2.8500        2.0420       -0.6430 
   6    C8        1.7880        3.0530        1.5660 
   6    C9        3.6840        2.3830        0.3570 
   6   C10        3.1160        2.8970        1.4630 
   6   C11        6.5960       -1.8450       -1.5840 
   7    N1        6.9830       -3.1190       -1.2730 
   6   C12        7.4100       -4.0810       -2.2890 
   8    O1        6.5920       -1.4540       -2.7280 
   7    N2       -0.3530        2.9090        0.7970 
   6   C13       -1.4840        2.6760        0.0640 
   7    N3       -2.6340        3.0770        0.6880 
   8    O2       -1.4700        2.1690       -1.0240 
   6   C14       -3.9390        3.0370        0.3450 
   6   C15       -4.4590        2.5480       -0.7930 
   6   C16       -4.7920        3.5470        1.2540 
   6   C17       -5.7840        2.5720       -1.0050 
   6   C18       -6.1240        3.5840        1.0660 
   6   C19       -6.6140        3.0860       -0.0850 
  17    Cl       -8.3120        3.0890       -0.4150 
   6   C20       -7.0240        4.1730        2.1310 
   1     H       -7.5920        5.0430        1.7300 
   1    H1       -6.4600        4.5410        3.0180 
   1    H2       -7.7440        3.4100        2.5040 
   1    H3        5.2530        0.8790        2.5200 
   1    H4        5.7770        0.6420       -1.6430 
   1    H5        6.0090       -1.4460        2.6500 
   1    H6        0.9210        1.8870       -1.4150 
   1    H7        3.2740        1.6240       -1.5720 
   1    H8        1.3810        3.4790        2.5000 
   1    H9        3.7590        3.1970        2.3070 
   1   H10        6.9700       -3.4050       -0.2950 
   1   H11        6.5900       -4.2720       -3.0180 
   1   H12        8.3120       -3.7090       -2.8260 
   1   H13        7.6690       -5.0430       -1.7920 
   1   H14       -0.4790        3.3150        1.7130 
   1   H15       -2.5310        3.4970        1.6010 
   1   H16       -3.8360        2.1130       -1.5870 
   1   H17       -4.3840        3.9540        2.1950 
   1   H18       -6.1800        2.1620       -1.9500 

