Run semi-empirical minimization
 &qmmm
    qm_theory='AM1', grms_tol=0.0005,
  scfconv=1.d-10,   qmcharge=-1,
 /
   6     C       -3.9990       -0.6930        1.1980 
   6    C1       -3.8060        0.6850        0.5240 
   6    C2       -2.7710        1.6260        1.1620 
   6    C3       -3.2640        2.4770        2.3420 
   6    C4       -6.2540       -2.6100       -0.6760 
   6    C5       -5.9080       -1.6260        0.1690 
   6    C6       -7.5370       -2.8990       -0.9360 
   6    C7       -6.8750       -0.9170        0.7740 
   6    C8       -8.4970       -2.1800       -0.3350 
   6    C9       -8.1640       -1.1960        0.5170 
   6   C10       -5.0420       -3.3240       -1.2220 
   6   C11       -4.0120       -2.4240       -0.5270 
   7     N       -4.6330       -1.5870        0.2150 
   6   C12       -4.9870       -3.2210       -2.7540 
   6   C13       -4.9970       -4.7770       -0.7280 
   6   C14       -2.7080       -2.6560       -0.7830 
   6   C15       -1.5900       -1.9750       -0.4690 
   6   C16       -0.3070       -2.3680       -0.6760 
   6   C17        2.0330       -2.0720       -0.2600 
   6   C18        0.7600       -1.5990       -0.3260 
   6   C19        3.0670       -1.3220        0.1920 
   6   C20        4.2770       -1.7720        0.5700 
   6   C21        5.3160       -1.0780        1.0750 
   7    N1        5.5470        0.2180        1.1230 
   6   C22        6.5570        0.4670        1.9210 
   6   C23        7.1250       -0.6620        2.3600 
   6   C24        6.4270       -1.8520        1.7820 
   6   C25        8.1860       -0.6640        3.1780 
   6   C26        8.6880        0.5110        3.5840 
   6   C27        7.0630        1.6380        2.3430 
   6   C28        8.1230        1.6570        3.1700 
   6   C29        4.8490        1.2850        0.2770 
   6   C30        5.7930        2.3080       -0.3950 
   6   C31        5.4260        2.6790       -1.8460 
   6   C32        6.3210        3.8210       -2.3650 
   6   C33        7.3280       -2.5960        0.7860 
   6   C34        5.9120       -2.7740        2.9000 
   6   C35       -0.0710       -3.7550       -1.2510 
   6   C36        1.3580       -3.9540       -1.7460 
   6   C37        2.3040       -3.5170       -0.6350 
  17    Cl        0.4750        0.0460        0.1840 
  16     S       -4.0910        1.6130        3.7480 
   8     O       -3.5910        2.2990        4.9290 
   8    O1       -5.4950        1.6070        3.3690 
   8    O2       -3.2530        0.2440        3.3130 
  16    S1        6.2500        4.1120       -4.2020 
   8    O3        7.0000        5.3630       -4.1070 
   8    O4        4.7910        4.1190       -4.2470 
   8    O5        7.0410        2.8510       -4.9290 
   1     H       -3.0620       -1.1670        1.5600 
   1    H1       -4.6870       -0.6670        2.0680 
   1    H2       -3.4640        0.5000       -0.5240 
   1    H3       -4.7830        1.2140        0.4260 
   1    H4       -2.4140        2.3390        0.3780 
   1    H5       -1.8660        1.0480        1.4560 
   1    H6       -2.3960        3.0450        2.7570 
   1    H7       -3.9860        3.2410        1.9670 
   1    H8       -7.8000       -3.7170       -1.6250 
   1    H9       -6.6570       -0.0950        1.4720 
   1   H10       -9.5580       -2.4020       -0.5350 
   1   H11       -8.9600       -0.6100        1.0080 
   1   H12       -5.0310       -2.1590       -3.0890 
   1   H13       -4.0550       -3.6680       -3.1660 
   1   H14       -5.8390       -3.7600       -3.2240 
   1   H15       -5.0410       -4.8280        0.3840 
   1   H16       -5.8550       -5.3630       -1.1290 
   1   H17       -4.0690       -5.2980       -1.0540 
   1   H18       -2.5640       -3.5750       -1.3700 
   1   H19       -1.7640       -1.0120        0.0150 
   1   H20        2.9060       -0.2590        0.3950 
   1   H21        4.4230       -2.8630        0.5730 
   1   H22        8.6410       -1.6110        3.5090 
   1   H23        9.5580        0.5360        4.2610 
   1   H24        6.6170        2.5990        2.0560 
   1   H25        8.5290        2.6210        3.5180 
   1   H26        4.3710        0.7840       -0.5960 
   1   H27        4.0570        1.7960        0.8720 
   1   H28        6.8300        1.8950       -0.4210 
   1   H29        5.8070        3.2510        0.2000 
   1   H30        5.5450        1.7790       -2.4950 
   1   H31        4.3550        2.9900       -1.8850 
   1   H32        7.3870        3.5920       -2.1280 
   1   H33        6.0530        4.7640       -1.8320 
   1   H34        7.7070       -1.9130       -0.0070 
   1   H35        8.2090       -3.0430        1.2990 
   1   H36        6.7810       -3.4260        0.2840 
   1   H37        5.2510       -2.2220        3.6060 
   1   H38        5.3370       -3.6380        2.5010 
   1   H39        6.7530       -3.2040        3.4890 
   1   H40       -0.3130       -4.5130       -0.4680 
   1   H41       -0.7100       -3.9450       -2.1450 
   1   H42        1.5340       -5.0200       -2.0270 
   1   H43        1.5380       -3.3330       -2.6580 
   1   H44        2.1860       -4.1640        0.2670 
   1   H45        3.3310       -3.6620       -1.0470 

