Run semi-empirical minimization
 &qmmm
    qm_theory='AM1', grms_tol=0.0005,
  scfconv=1.d-10,   qmcharge=0,
 /
   6     C        2.7450       -2.7360       -1.7380 
   6    C1        2.5350       -1.6670       -2.5180 
   6    C2        1.3100       -1.3650       -2.9800 
   6    C3        0.2640       -2.1540       -2.6450 
   6    C4        0.5040       -3.2290       -1.8630 
   6    C5        1.7270       -3.5340       -1.4000 
   7     N        3.9580       -2.8470       -1.4110 
   6    C6        4.6000       -1.8910       -1.9360 
  16     S        3.8020       -0.9640       -2.7400 
   7    N1        5.9220       -1.6670       -1.8080 
   6    C7        6.8870       -2.3270       -1.1110 
   6    C8        6.5490       -3.4650       -0.2510 
   8     O        8.0270       -1.9460       -1.2280 
   6    C9        7.2840       -3.4330        1.0700 
   6   C10        5.8400       -3.0060        1.0010 
   6   C11        1.1010       -0.3080       -3.7430 
   7    N2        0.8800        0.6250       -4.3940 
   8    O1       -1.0120       -1.9030       -3.0860 
   6   C12       -1.6370       -0.8200       -2.5220 
   6   C13       -1.6270       -0.5840       -1.1950 
   6   C14       -2.2360        0.4770       -0.6370 
   6   C15       -2.9000        1.3310       -1.4420 
   6   C16       -2.9340        1.1170       -2.7640 
   6   C17       -2.3090        0.0550       -3.2910 
   9     F       -3.5220        2.3840       -0.9290 
   7    N3       -2.2610        0.7870        0.6760 
   6   C18       -1.7060        0.2180        1.7850 
   6   C19       -2.0640        0.9330        3.0800 
   8    O2       -0.9950       -0.7540        1.7710 
   6   C20       -3.4510        1.5320        2.9910 
   6   C21       -3.6200        2.8380        2.7220 
   6   C22       -4.8530        3.3480        2.5920 
   6   C23       -5.9260        2.5570        2.7380 
   6   C24       -5.7880        1.2520        3.0360 
   6   C25       -4.5410        0.7570        3.1280 
   6   C26       -6.9930        0.3440        3.1300 
   9    F1       -8.0270        0.7880        2.4330 
   9    F2       -6.7310       -0.8860        2.7160 
   9    F3       -7.3800        0.2570        4.3940 
   1     H       -0.3380       -3.8860       -1.5870 
   1    H1        1.8890       -4.4170       -0.7610 
   1    H2        6.2300       -0.8640       -2.3350 
   1    H3        6.3140       -4.4170       -0.7330 
   1    H4        7.5030       -4.3940        1.5320 
   1    H5        8.0190       -2.6560        1.2730 
   1    H6        5.6220       -1.9470        1.1310 
   1    H7        5.0940       -3.6800        1.4200 
   1    H8       -1.0930       -1.3110       -0.5710 
   1    H9       -3.4780        1.8170       -3.4200 
   1   H10       -2.3490       -0.1050       -4.3820 
   1   H11       -2.8160        1.6220        0.8170 
   1   H12       -2.0120        0.2220        3.9370 
   1   H13       -1.2950        1.7180        3.2640 
   1   H14       -2.7460        3.4950        2.5820 
   1   H15       -4.9840        4.4170        2.3520 
   1   H16       -6.9290        2.9970        2.6110 
   1   H17       -4.3970       -0.3190        3.3190 

