Run semi-empirical minimization
 &qmmm
    qm_theory='AM1', grms_tol=0.0005,
  scfconv=1.d-10,   qmcharge=0,
 /
   6     C        5.4520        0.8420        0.2980 
   6    C1        5.5350        0.2490        1.5020 
   6    C2        5.8190        0.0800       -0.7500 
   6    C3        5.9560       -1.0210        1.5720 
   6    C4        6.2330       -1.1940       -0.5950 
   7     N        6.2880       -1.7070        0.5650 
   8     O        5.0320        2.1360        0.1490 
   6    C5        1.5090        2.0980       -0.6450 
   6    C6        0.9510        2.6030        0.4680 
   6    C7        2.8400        1.9490       -0.7450 
   6    C8        1.7800        2.9520        1.4690 
   6    C9        3.6750        2.2890        0.2540 
   6   C10        3.1080        2.7990        1.3630 
   6   C11        6.5960       -1.9350       -1.6830 
   7    N1        6.9920       -3.2050       -1.3700 
   6   C12        7.4210       -4.1680       -2.3840 
   8    O1        6.5830       -1.5490       -2.8290 
   7    N2       -0.3620        2.8080        0.7030 
   6   C13       -1.4930        2.5770       -0.0300 
   7    N3       -2.6420        2.9800        0.5940 
   8    O2       -1.4800        2.0690       -1.1170 
   6   C14       -3.9470        2.9430        0.2480 
   6   C15       -4.4650        2.4510       -0.8890 
   6   C16       -4.8030        3.4560        1.1530 
   6   C17       -5.7900        2.4790       -1.1000 
   6   C18       -6.1380        3.5000        0.9730 
   6   C19       -6.6200        2.9970       -0.1820 
  17    Cl       -8.3140        2.9940       -0.5350 
   6   C20       -7.0350        4.0990        2.0470 
   9     F       -7.7210        5.1240        1.5650 
   9    F1       -6.3700        4.5390        3.1040 
   9    F2       -7.9060        3.2010        2.4820 
   1     H        5.2600        0.7970        2.4180 
   1    H1        5.7650        0.5480       -1.7470 
   1    H2        6.0280       -1.5240        2.5510 
   1    H3        0.9100        1.7920       -1.5140 
   1    H4        3.2630        1.5340       -1.6760 
   1    H5        1.3740        3.3750        2.4040 
   1    H6        3.7530        3.0980        2.2070 
   1    H7        6.9860       -3.4870       -0.3900 
   1    H8        6.5970       -4.3730       -3.1040 
   1    H9        8.3140       -3.7900       -2.9310 
   1   H10        7.6960       -5.1240       -1.8840 
   1   H11       -0.4870        3.2120        1.6200 
   1   H12       -2.5400        3.4020        1.5060 
   1   H13       -3.8440        2.0130       -1.6820 
   1   H14       -4.3800        3.8600        2.0880 
   1   H15       -6.1850        2.0680       -2.0450 

